[Paper0]
Name=Tall
DisplayName=Tall
Width=210
Height=5500
MarginTop=6.3499999999999996
MarginBottom=14.224
MarginLeft=6.3499999999999996
MarginRight=6.3499999999999996
Orientation=portrait
